funcid,dim,milestone,error
25,10,1,9.302493e+02
25,10,2,8.085508e+02
25,10,3,4.496692e+02
25,10,5,4.478333e+02
25,10,10,4.418358e+02
25,10,20,4.417755e+02
25,10,30,4.390100e+02
25,10,40,3.997149e+02
25,10,50,3.000000e+02
25,10,60,1.025022e+02
25,10,70,1.014013e+02
25,10,80,1.014013e+02
25,10,90,1.014013e+02
25,10,100,1.014013e+02
25,10,1,1.353382e+03
25,10,2,1.022754e+03
25,10,3,4.629494e+02
25,10,5,4.612763e+02
25,10,10,4.611889e+02
25,10,20,3.996534e+02
25,10,30,3.996303e+02
25,10,40,1.010747e+02
25,10,50,1.007670e+02
25,10,60,1.007670e+02
25,10,70,1.007670e+02
25,10,80,1.007670e+02
25,10,90,1.007670e+02
25,10,100,1.007670e+02
25,10,1,7.403553e+02
25,10,2,7.403553e+02
25,10,3,4.634013e+02
25,10,5,4.536578e+02
25,10,10,4.526656e+02
25,10,20,4.240212e+02
25,10,30,4.239938e+02
25,10,40,4.239938e+02
25,10,50,3.996393e+02
25,10,60,1.013637e+02
25,10,70,1.013637e+02
25,10,80,1.013637e+02
25,10,90,1.013637e+02
25,10,100,1.013637e+02
25,10,1,1.179585e+03
25,10,2,1.075202e+03
25,10,3,4.843236e+02
25,10,5,4.247481e+02
25,10,10,3.993211e+02
25,10,20,3.982652e+02
25,10,30,3.979914e+02
25,10,40,1.007711e+02
25,10,50,1.007711e+02
25,10,60,1.007711e+02
25,10,70,1.007711e+02
25,10,80,1.007711e+02
25,10,90,1.007711e+02
25,10,100,1.007711e+02
25,10,1,9.033572e+02
25,10,2,9.033572e+02
25,10,3,4.755218e+02
25,10,5,4.520825e+02
25,10,10,4.520754e+02
25,10,20,3.982744e+02
25,10,30,3.982744e+02
25,10,40,2.036587e+02
25,10,50,2.000000e+02
25,10,60,2.000000e+02
25,10,70,2.000000e+02
25,10,80,2.000000e+02
25,10,90,2.000000e+02
25,10,100,2.000000e+02
25,10,1,1.212842e+03
25,10,2,8.235833e+02
25,10,3,4.798013e+02
25,10,5,4.528169e+02
25,10,10,4.520802e+02
25,10,20,4.015255e+02
25,10,30,4.002754e+02
25,10,40,1.007662e+02
25,10,50,1.007662e+02
25,10,60,1.007662e+02
25,10,70,1.007662e+02
25,10,80,1.007662e+02
25,10,90,1.007662e+02
25,10,100,1.007662e+02
25,10,1,1.119236e+03
25,10,2,8.346726e+02
25,10,3,4.289041e+02
25,10,5,4.032472e+02
25,10,10,4.008401e+02
25,10,20,3.998882e+02
25,10,30,3.998881e+02
25,10,40,3.998881e+02
25,10,50,3.998692e+02
25,10,60,1.021628e+02
25,10,70,1.021626e+02
25,10,80,1.021626e+02
25,10,90,1.021626e+02
25,10,100,1.014735e+02
25,10,1,1.017465e+03
25,10,2,8.176779e+02
25,10,3,4.557292e+02
25,10,5,4.530403e+02
25,10,10,4.321846e+02
25,10,20,1.010734e+02
25,10,30,1.010734e+02
25,10,40,1.010734e+02
25,10,50,1.010734e+02
25,10,60,1.010734e+02
25,10,70,1.010734e+02
25,10,80,1.010734e+02
25,10,90,1.010734e+02
25,10,100,1.010734e+02
25,10,1,8.582162e+02
25,10,2,8.582162e+02
25,10,3,4.706231e+02
25,10,5,4.693081e+02
25,10,10,4.078873e+02
25,10,20,3.996102e+02
25,10,30,3.996100e+02
25,10,40,3.996100e+02
25,10,50,3.996100e+02
25,10,60,1.096155e+02
25,10,70,1.050292e+02
25,10,80,1.050292e+02
25,10,90,1.048905e+02
25,10,100,1.002581e+02
25,10,1,1.086674e+03
25,10,2,8.918530e+02
25,10,3,4.149608e+02
25,10,5,4.027776e+02
25,10,10,3.996192e+02
25,10,20,3.995850e+02
25,10,30,3.995850e+02
25,10,40,3.000000e+02
25,10,50,3.000000e+02
25,10,60,3.000000e+02
25,10,70,3.000000e+02
25,10,80,1.015006e+02
25,10,90,1.015006e+02
25,10,100,1.015006e+02
