funcid,dim,milestone,error
14,50,1,2.215873e+06
14,50,2,8.858845e+05
14,50,3,6.588800e+05
14,50,5,4.324322e+05
14,50,10,2.633375e+05
14,50,20,2.633375e+05
14,50,30,2.633375e+05
14,50,40,2.633375e+05
14,50,50,2.633375e+05
14,50,60,2.633375e+05
14,50,70,2.633375e+05
14,50,80,2.633375e+05
14,50,90,2.633375e+05
14,50,100,1.508123e+05
14,50,1,5.955991e+06
14,50,2,1.657350e+06
14,50,3,9.280055e+05
14,50,5,6.061209e+05
14,50,10,4.188988e+05
14,50,20,4.188988e+05
14,50,30,4.188988e+05
14,50,40,4.188988e+05
14,50,50,4.188988e+05
14,50,60,4.188988e+05
14,50,70,4.188988e+05
14,50,80,4.188988e+05
14,50,90,4.188988e+05
14,50,100,3.181491e+05
14,50,1,3.862147e+06
14,50,2,1.325999e+06
14,50,3,1.089383e+06
14,50,5,6.454460e+05
14,50,10,4.078569e+05
14,50,20,4.078569e+05
14,50,30,4.078569e+05
14,50,40,4.078569e+05
14,50,50,4.078569e+05
14,50,60,4.078569e+05
14,50,70,4.078569e+05
14,50,80,4.078569e+05
14,50,90,4.078569e+05
14,50,100,3.041143e+05
14,50,1,2.078750e+06
14,50,2,1.442546e+06
14,50,3,1.236372e+06
14,50,5,5.801634e+05
14,50,10,1.624648e+05
14,50,20,1.624648e+05
14,50,30,1.624648e+05
14,50,40,1.624648e+05
14,50,50,1.624648e+05
14,50,60,1.624648e+05
14,50,70,1.624648e+05
14,50,80,1.624648e+05
14,50,90,1.624648e+05
14,50,100,1.032076e+05
14,50,1,3.107765e+06
14,50,2,1.119266e+06
14,50,3,9.315571e+05
14,50,5,7.967073e+05
14,50,10,5.070001e+05
14,50,20,5.070001e+05
14,50,30,5.070001e+05
14,50,40,5.070001e+05
14,50,50,5.070001e+05
14,50,60,5.070001e+05
14,50,70,5.070001e+05
14,50,80,5.070001e+05
14,50,90,5.070001e+05
14,50,100,3.542056e+05
14,50,1,2.246134e+06
14,50,2,1.422453e+06
14,50,3,1.044550e+06
14,50,5,6.053861e+05
14,50,10,4.010351e+05
14,50,20,4.010351e+05
14,50,30,4.010351e+05
14,50,40,4.010351e+05
14,50,50,4.010351e+05
14,50,60,4.010351e+05
14,50,70,4.010351e+05
14,50,80,4.010351e+05
14,50,90,4.010351e+05
14,50,100,3.283859e+05
14,50,1,1.560127e+07
14,50,2,3.171614e+06
14,50,3,1.630061e+06
14,50,5,1.030903e+06
14,50,10,6.875179e+05
14,50,20,6.875179e+05
14,50,30,6.875179e+05
14,50,40,6.875179e+05
14,50,50,6.874443e+05
14,50,60,6.874443e+05
14,50,70,6.874443e+05
14,50,80,6.874443e+05
14,50,90,6.874443e+05
14,50,100,4.323769e+05
14,50,1,5.767534e+06
14,50,2,1.746800e+06
14,50,3,1.546604e+06
14,50,5,1.010534e+06
14,50,10,6.688246e+05
14,50,20,6.688246e+05
14,50,30,6.688246e+05
14,50,40,6.688246e+05
14,50,50,6.688246e+05
14,50,60,6.688246e+05
14,50,70,6.688246e+05
14,50,80,6.688246e+05
14,50,90,6.688246e+05
14,50,100,4.946984e+05
14,50,1,8.784555e+05
14,50,2,3.816277e+05
14,50,3,2.061603e+05
14,50,5,1.024701e+05
14,50,10,7.603765e+04
14,50,20,7.603765e+04
14,50,30,7.603765e+04
14,50,40,7.603765e+04
14,50,50,7.603765e+04
14,50,60,7.603765e+04
14,50,70,7.603765e+04
14,50,80,7.603765e+04
14,50,90,7.603765e+04
14,50,100,7.000287e+04
14,50,1,6.461105e+06
14,50,2,6.294164e+06
14,50,3,6.169411e+06
14,50,5,4.676229e+06
14,50,10,2.876657e+06
14,50,20,2.876657e+06
14,50,30,2.876657e+06
14,50,40,2.876657e+06
14,50,50,2.876657e+06
14,50,60,2.876657e+06
14,50,70,2.876657e+06
14,50,80,2.876657e+06
14,50,90,1.519001e+06
14,50,100,1.519001e+06
